Accuracy: 96.29629629629629 
Error: 3.7037037037037033