Accuracy: 95.83333333333334 
Error: 4.166666666666666