Accuracy: 77.60000000000001 
Error: 22.400000000000002