Accuracy: 92.12962962962963 
Error: 6.481481481481481